1, -100.000000, -80.000000, 100.000000, -80.000000, 1, 0, 0 
1, 100.000000, -80.000000, 100.000000, 80.000000, 1, 0, 0 
1, 100.000000, 80.000000, -100.000000, 80.000000, 1, 0, 0 
1, -100.000000, 80.000000, -100.000000, -80.000000, 1, 0, 0 
1, -100.000000, 80.000000, -94.558433, 81.280369, 1, 0, 0 
1, -94.558433, 81.280369, -96.799078, 76.158894, 1, 0, 0 
1, -96.799078, 76.158894, -99.039723, 71.037418, 1, 0, 0 
1, -99.039723, 71.037418, -93.598156, 72.317787, 1, 0, 0 
1, -93.598156, 72.317787, -88.156589, 73.598156, 1, 0, 0 
1, -88.156589, 73.598156, -90.397234, 68.476681, 1, 0, 0 
1, -90.397234, 68.476681, -92.637879, 63.355206, 1, 0, 0 
1, -92.637879, 63.355206, -87.196312, 64.635574, 1, 0, 0 
1, -87.196312, 64.635574, -81.754745, 65.915943, 1, 0, 0 
1, -81.754745, 65.915943, -83.995390, 60.794468, 1, 0, 0 
1, -83.995390, 60.794468, -86.236035, 55.672993, 1, 0, 0 
1, -86.236035, 55.672993, -80.794468, 56.953362, 1, 0, 0 
1, -80.794468, 56.953362, -75.352901, 58.233730, 1, 0, 0 
1, -75.352901, 58.233730, -77.593546, 53.112255, 1, 0, 0 
1, -77.593546, 53.112255, -79.834191, 47.990780, 1, 0, 0 
1, -79.834191, 47.990780, -74.392624, 49.271149, 1, 0, 0 
1, -74.392624, 49.271149, -68.951057, 50.551518, 1, 0, 0 
1, -68.951057, 50.551518, -71.191702, 45.430042, 1, 0, 0 
1, -71.191702, 45.430042, -73.432347, 40.308567, 1, 0, 0 
1, -73.432347, 40.308567, -67.990780, 41.588936, 1, 0, 0 
1, -67.990780, 41.588936, -62.549213, 42.869305, 1, 0, 0 
1, -62.549213, 42.869305, -64.789858, 37.747830, 1, 0, 0 
1, -64.789858, 37.747830, -67.030503, 32.626354, 1, 0, 0 
1, -67.030503, 32.626354, -61.588936, 33.906723, 1, 0, 0 
1, -61.588936, 33.906723, -56.147369, 35.187092, 1, 0, 0 
1, -56.147369, 35.187092, -58.388014, 30.065617, 1, 0, 0 
1, -58.388014, 30.065617, -60.628659, 24.944142, 1, 0, 0 
1, -60.628659, 24.944142, -55.187092, 26.224510, 1, 0, 0 
1, -55.187092, 26.224510, -49.745525, 27.504879, 1, 0, 0 
1, -49.745525, 27.504879, -51.986170, 22.383404, 1, 0, 0 
1, -51.986170, 22.383404, -54.226815, 17.261929, 1, 0, 0 
1, -54.226815, 17.261929, -50.000000, 20.000000, 1, 0, 0 
1, 0.000000, -30.000000, 2.500000, -25.000000, 1, 0, 0 
1, 2.500000, -25.000000, 5.000000, -30.000000, 1, 0, 0 
1, 5.000000, -30.000000, 7.500000, -35.000000, 1, 0, 0 
1, 7.500000, -35.000000, 10.000000, -30.000000, 1, 0, 0 
1, 10.000000, -30.000000, 12.500000, -25.000000, 1, 0, 0 
1, 12.500000, -25.000000, 15.000000, -30.000000, 1, 0, 0 
1, 15.000000, -30.000000, 17.500000, -35.000000, 1, 0, 0 
1, 17.500000, -35.000000, 20.000000, -30.000000, 1, 0, 0 
1, 20.000000, -30.000000, 22.500000, -25.000000, 1, 0, 0 
1, 22.500000, -25.000000, 25.000000, -30.000000, 1, 0, 0 
1, 25.000000, -30.000000, 27.500000, -35.000000, 1, 0, 0 
1, 27.500000, -35.000000, 30.000000, -30.000000, 1, 0, 0 
1, 30.000000, -30.000000, 32.500000, -25.000000, 1, 0, 0 
1, 32.500000, -25.000000, 35.000000, -30.000000, 1, 0, 0 
1, 35.000000, -30.000000, 37.500000, -35.000000, 1, 0, 0 
1, 37.500000, -35.000000, 40.000000, -30.000000, 1, 0, 0 
1, 40.000000, -30.000000, 42.500000, -25.000000, 1, 0, 0 
1, 42.500000, -25.000000, 45.000000, -30.000000, 1, 0, 0 
1, 45.000000, -30.000000, 47.500000, -35.000000, 1, 0, 0 
1, 47.500000, -35.000000, 50.000000, -30.000000, 1, 0, 0 
1, 50.000000, -30.000000, 52.500000, -25.000000, 1, 0, 0 
1, 52.500000, -25.000000, 55.000000, -30.000000, 1, 0, 0 
1, 55.000000, -30.000000, 57.500000, -35.000000, 1, 0, 0 
1, 57.500000, -35.000000, 60.000000, -30.000000, 1, 0, 0 
1, 60.000000, -30.000000, 62.500000, -25.000000, 1, 0, 0 
1, 62.500000, -25.000000, 65.000000, -30.000000, 1, 0, 0 
1, 65.000000, -30.000000, 67.500000, -35.000000, 1, 0, 0 
1, 67.500000, -35.000000, 70.000000, -30.000000, 1, 0, 0 
1, 70.000000, -30.000000, 72.500000, -25.000000, 1, 0, 0 
1, 72.500000, -25.000000, 75.000000, -30.000000, 1, 0, 0 
1, 75.000000, -30.000000, 77.500000, -35.000000, 1, 0, 0 
1, 77.500000, -35.000000, 80.000000, -30.000000, 1, 0, 0 
1, 80.000000, -30.000000, 82.500000, -25.000000, 1, 0, 0 
1, 82.500000, -25.000000, 85.000000, -30.000000, 1, 0, 0 
1, 85.000000, -30.000000, 87.500000, -35.000000, 1, 0, 0 
1, 87.500000, -35.000000, 90.000000, -30.000000, 1, 0, 0 
1, 90.000000, -30.000000, 92.500000, -25.000000, 1, 0, 0 
1, 92.500000, -25.000000, 95.000000, -30.000000, 1, 0, 0 
1, 95.000000, -30.000000, 97.500000, -35.000000, 1, 0, 0 
1, 97.500000, -35.000000, 100.000000, -30.000000, 1, 0, 0 
1, -50.000000, 20.000000, -44.943573, 17.747175, 1, 0, 0 
1, -44.943573, 17.747175, -49.749372, 15.000000, 1, 0, 0 
1, -49.749372, 15.000000, -54.380343, 11.767246, 1, 0, 0 
1, -54.380343, 11.767246, -49.000000, 10.050126, 1, 0, 0 
1, -49.000000, 10.050126, -43.596395, 8.848573, 1, 0, 0 
1, -43.596395, 8.848573, -47.759397, 5.200000, 1, 0, 0 
1, -47.759397, 5.200000, -51.654439, 1.110349, 1, 0, 0 
1, -51.654439, 1.110349, -46.040000, 0.498246, 1, 0, 0 
1, -46.040000, 0.498246, -40.505362, 0.396029, 1, 0, 0 
1, -40.505362, 0.396029, -43.859046, -4.008000, 1, 0, 0 
1, -43.859046, -4.008000, -46.862357, -8.790961, 1, 0, 0 
1, -46.862357, -8.790961, -41.238400, -8.273563, 1, 0, 0 
1, -41.238400, -8.273563, -35.794113, -7.272357, 1, 0, 0 
1, -35.794113, -7.272357, -38.204334, -12.255680, 1, 0, 0 
1, -38.204334, -12.255680, -40.195781, -17.540634, 1, 0, 0 
1, -40.195781, -17.540634, -34.787264, -15.914430, 1, 0, 0 
1, -34.787264, -15.914430, -29.651101, -13.849848, 1, 0, 0 
1, -29.651101, -13.849848, -31.021448, -19.213133, 1, 0, 0 
1, -31.021448, -19.213133, -31.921374, -24.788680, 1, 0, 0 
1, -31.921374, -24.788680, -26.944637, -22.118719, 1, 0, 0 
1, -26.944637, -22.118719, -22.322044, -19.073346, 1, 0, 0 
1, -22.322044, -19.073346, -22.597704, -24.602060, 1, 0, 0 
1, -22.597704, -24.602060, -22.370112, -30.245180, 1, 0, 0 
1, -22.370112, -30.245180, -18.024225, -26.638260, 1, 0, 0 
1, -18.024225, -26.638260, -14.100105, -22.733910, 1, 0, 0 
1, -14.100105, -22.733910, -13.270052, -28.206905, 1, 0, 0 
1, -13.270052, -28.206905, -11.924045, -33.691872, 1, 0, 0 
1, -11.924045, -33.691872, -8.382844, -29.292270, 1, 0, 0 
1, -8.382844, -29.292270, -5.314162, -24.685117, 1, 0, 0 
1, -5.314162, -24.685117, -3.411598, -29.883474, 1, 0, 0 
1, -3.411598, -29.883474, -1.001016, -34.990890, 1, 0, 0 
1, -1.001016, -34.990890, -0.000000, -30.000000, 1, 0, 0 
